||=           Routine            =||=   min time(s)     =||=   mean time(s)    =||=   max time(s)     =||=     No. calls     =||=       %time       =||= time per call(s)  =||
||                          gungho||               623.85||               624.17||               625.60||                    1||             100.0000||             624.1666||
||           runtime_constants_alg||                 9.43||                 9.44||                 9.44||                    1||               1.5117||               9.4357||
||         geometric_constants_alg||                 3.20||                 3.20||                 3.20||                    1||               0.5120||               3.1957||
||               fem_constants_alg||                 5.55||                 5.55||                 5.55||                    1||               0.8888||               5.5474||
||       physical_op_constants_alg||                 0.65||                 0.65||                 0.66||                    1||               0.1044||               0.6519||
||         intermesh_constants_alg||                 0.03||                 0.03||                 0.03||                    1||               0.0054||               0.0340||
||                        set_wind||                23.43||                33.45||                43.69||                 2161||               5.3585||               0.0155||
||          mass_matrix_solver_alg||                35.73||                44.08||                50.56||                 5918||               7.0628||               0.0074||
||              map_physics_fields||                 8.51||                 8.62||                 8.69||                  721||               1.3808||               0.0120||
||            xios_update_calendar||                41.22||                41.32||                41.41||                  722||               6.6206||               0.0572||
||       gungho_diagnostics_driver||                28.18||                28.20||                28.21||                   41||               4.5181||               0.6878||
||         si_operators_alg:create||                 0.00||                 0.00||                 0.00||                    1||               0.0001||               0.0007||
||      semi_implicit_timestep_alg||               509.43||               509.48||               509.59||                  720||              81.6251||               0.7076||
||                    slow_physics||               212.24||               212.41||               212.48||                  720||              34.0312||               0.2950||
||              fsd_condensate_alg||                 0.19||                 0.20||                 0.22||                  720||               0.0326||               0.0003||
||                       mphys_alg||                 2.97||                 6.79||                 8.43||                  720||               1.0874||               0.0094||
||               mphys_diagnostics||                 0.17||                 0.18||                 0.19||                  720||               0.0282||               0.0002||
||                  illuminate_alg||                 0.09||                 0.09||                 0.10||                  720||               0.0148||               0.0001||
||                 illuminate_xios||                 0.02||                 0.03||                 0.03||                  720||               0.0041||               0.0000||
||                    rad_tile_alg||                 0.51||                 0.53||                 0.54||                  720||               0.0842||               0.0007||
||                    sw_radiation||                66.15||                71.09||                76.17||                  720||              11.3891||               0.0987||
||                 radiation_diags||                 8.18||                 8.30||                 8.53||                 1440||               1.3296||               0.0058||
||                    lw_radiation||                51.03||                54.34||                57.75||                  720||               8.7055||               0.0755||
||            pc2_rad_response_alg||                 0.30||                 0.31||                 0.32||                  720||               0.0498||               0.0004||
||           pc2_rad_response_xios||                 0.04||                 0.04||                 0.04||                  720||               0.0065||               0.0001||
||                      bl_exp_alg||                40.03||                46.98||                53.27||                 1440||               7.5272||               0.0326||
||                    bl_exp_diags||                 0.19||                 0.20||                 0.20||                 1440||               0.0314||               0.0001||
||                      bm_tau_alg||                 1.89||                 1.90||                 1.94||                  720||               0.3040||               0.0026||
||                  pc2_checks_alg||                 0.23||                 0.23||                 0.26||                  720||               0.0376||               0.0003||
||                 pc2_checks_xios||                 0.05||                 0.06||                 0.06||                  720||               0.0090||               0.0001||
||                         rhs_alg||                17.00||                17.43||                19.41||                 3600||               2.7923||               0.0048||
||        gungho_transport_control||                82.39||                84.46||                85.13||                 1440||              13.5312||               0.0587||
||               calc_vert_dep_pts||                 1.16||                 1.61||                 1.89||                 1440||               0.2581||               0.0011||
||            mol_conservative_alg||                 9.81||                11.51||                12.48||                 4320||               1.8444||               0.0027||
||               mol_advective_alg||                32.77||                35.60||                37.43||                36720||               5.7036||               0.0010||
||                  wind transport||                15.66||                15.99||                16.32||                 1440||               2.5622||               0.0111||
||    moist mixing ratio transport||                17.75||                18.05||                18.32||                 1440||               2.8915||               0.0125||
||              mol_consistent_alg||                17.36||                17.66||                17.94||                17280||               2.8290||               0.0010||
||     tracer collection transport||                18.58||                20.89||                21.19||                 2160||               3.3469||               0.0097||
||            calc_phys_predictors||                11.53||                12.18||                12.45||                 1440||               1.9512||               0.0085||
||                    fast_physics||                59.87||                61.32||                62.77||                 1440||               9.8251||               0.0426||
||                     conv_gr_alg||                 5.94||                 8.60||                14.12||                 1440||               1.3785||               0.0060||
||                      conv_diags||                 0.68||                 0.74||                 0.82||                 2160||               0.1186||               0.0003||
||           pc2_conv_coupling_alg||                 0.34||                 0.37||                 0.41||                 1440||               0.0588||               0.0003||
||          pc2_conv_coupling_xios||                 0.12||                 0.12||                 0.13||                 1440||               0.0197||               0.0001||
||                      bl_imp_alg||                21.90||                23.23||                27.61||                 2880||               3.7214||               0.0081||
||                    bl_imp_diags||                 1.50||                 1.55||                 1.66||                 1480||               0.2487||               0.0010||
||        si_operators_alg:compute||                23.75||                24.31||                25.44||                  720||               3.8941||               0.0338||
||        semi_implicit_solver_alg||                76.32||                76.77||                76.97||                 2880||              12.2991||               0.0267||
||                    mixed_solver||                61.28||                62.07||                62.40||                 2880||               9.9441||               0.0216||
||  mixed_schur_preconditioner_alg||                24.11||                25.83||                28.74||                13230||               4.1384||               0.0020||
||                 mixed_schur rhs||                 1.59||                 1.75||                 1.93||                13230||               0.2805||               0.0001||
||         mixed_schur rhs:helm_ru||                 0.23||                 0.26||                 0.31||                13230||               0.0418||               0.0000||
||         mixed_schur rhs:helm_rx||                 0.72||                 0.85||                 1.00||                13230||               0.1368||               0.0001||
||               mixed_schur solve||                19.19||                21.04||                23.96||                13230||               3.3705||               0.0016||
||                   helmholtz lhs||                 8.25||                 9.89||                11.10||               198450||               1.5844||               0.0000||
||           schur back substitute||                 2.64||                 2.69||                 2.77||                13230||               0.4305||               0.0002||
||                  mixed_operator||                14.17||                15.66||                18.05||                13230||               2.5087||               0.0012||
||                 jules_extra_alg||                 4.53||                 4.64||                 4.93||                  720||               0.7441||               0.0065||
||                jules_snow_diags||                 0.08||                 0.08||                 0.10||                 1440||               0.0127||               0.0001||
||                jules_soil_diags||                 0.06||                 0.07||                 0.09||                 1440||               0.0107||               0.0000||
||                         cld_alg||                 2.42||                 2.51||                 2.58||                  720||               0.4021||               0.0035||
||                       cld_diags||                 0.04||                 0.05||                 0.06||                  760||               0.0080||               0.0001||
||        pc2_pressure_forcing_alg||                 0.33||                 0.34||                 0.35||                  720||               0.0542||               0.0005||
||       pc2_pressure_forcing_xios||                 0.06||                 0.06||                 0.06||                  720||               0.0092||               0.0001||
||              pc2_initiation_alg||                 1.80||                 1.85||                 1.92||                  720||               0.2965||               0.0026||
||             pc2_initiation_xios||                 0.05||                 0.06||                 0.06||                  720||               0.0088||               0.0001||
||                  si_diagnostics||                 0.19||                 0.20||                 0.21||                   40||               0.0318||               0.0050||
||                        pmsl_alg||                 0.00||                 0.00||                 0.00||                   40||               0.0003||               0.0000||
